-0.435438 -0.348025 -0.443061 -0.289263 -0.443065 -0.355636 
-0.443061 -0.289263 -0.435438 -0.348025 -0.435442 -0.289001 
-0.298452 -0.355636 -0.306072 -0.283307 -0.306079 -0.348016 
-0.306072 -0.283307 -0.298452 -0.355636 -0.298457 -0.283307 
-0.298457 -0.283307 -0.306082 -0.226511 -0.306072 -0.283307 
-0.351195 -0.355642 -0.435438 -0.348025 -0.443065 -0.355636 
-0.351195 -0.355642 -0.306079 -0.348016 -0.435438 -0.348025 
-0.351195 -0.355642 -0.298452 -0.355636 -0.306079 -0.348016 
-0.512934 -0.356206 -0.56262 -0.34814 -0.570181 -0.355643 
-0.56262 -0.34814 -0.512934 -0.356206 -0.521608 -0.34802 
-0.521608 -0.34802 -0.512934 -0.356206 -0.489617 -0.355639 
-0.570181 -0.355643 -0.581149 -0.298277 -0.581154 -0.366536 
-0.581153 -0.227506 -0.570143 -0.284029 -0.570143 -0.228042 
-0.570143 -0.284029 -0.581153 -0.227506 -0.581152 -0.284035 
-0.581144 -0.205178 -0.570187 -0.150235 -0.581145 -0.139331 
-0.432833 -0.36654 -0.432837 -0.355636 -0.443065 -0.355636 
-0.570181 -0.355643 -0.512722 -0.366538 -0.512934 -0.356206 
-0.512722 -0.366538 -0.570181 -0.355643 -0.581154 -0.366536 
-0.56262 -0.34814 -0.570143 -0.284029 -0.570186 -0.307137 
-0.562493 -0.157853 -0.570123 -0.205177 -0.570143 -0.228042 
-0.56262 -0.34814 -0.570143 -0.228042 -0.570143 -0.284029 
-0.570143 -0.228042 -0.56262 -0.34814 -0.562493 -0.157853 
-0.562493 -0.157853 -0.570187 -0.150235 -0.570123 -0.205177 
-0.570187 -0.150235 -0.581144 -0.205178 -0.570123 -0.205177 
-0.435442 -0.289001 -0.443055 -0.234057 -0.443061 -0.289263 
-0.443055 -0.234057 -0.52161 -0.226437 -0.529225 -0.234052 
-0.52161 -0.226437 -0.443055 -0.234057 -0.435439 -0.226442 
-0.443055 -0.234057 -0.435442 -0.289001 -0.435439 -0.226442 
-0.581149 -0.298277 -0.570181 -0.355643 -0.570186 -0.307137 
-0.56262 -0.34814 -0.570186 -0.307137 -0.570181 -0.355643 
-0.581145 -0.139331 -0.521603 -0.150233 -0.521607 -0.139329 
-0.521603 -0.150233 -0.581145 -0.139331 -0.570187 -0.150235 
-0.443065 -0.355636 -0.489613 -0.366542 -0.432833 -0.36654 
-0.489613 -0.366542 -0.443065 -0.355636 -0.489617 -0.355639 
-0.512934 -0.356206 -0.489619 -0.368335 -0.489617 -0.355639 
-0.489619 -0.368335 -0.512934 -0.356206 -0.512924 -0.368907 
-0.432837 -0.355636 -0.40973 -0.368336 -0.409728 -0.35564 
-0.40973 -0.368336 -0.432837 -0.355636 -0.432827 -0.368337 
-0.570187 -0.150235 -0.529223 -0.157859 -0.521603 -0.150233 
-0.529223 -0.157859 -0.570187 -0.150235 -0.562493 -0.157853 
-0.521603 -0.150233 -0.529225 -0.234052 -0.52161 -0.226437 
-0.529225 -0.234052 -0.521603 -0.150233 -0.529223 -0.157859 
-0.521608 -0.34802 -0.443065 -0.355636 -0.443065 -0.34802 
-0.521608 -0.34802 -0.489617 -0.355639 -0.443065 -0.355636 
0.580051 -0.355643 0.401496 -0.348014 0.393876 -0.355641 
0.401496 -0.348014 0.580051 -0.355643 0.572424 -0.348023 
0.393876 -0.355641 0.401497 -0.157853 0.39387 -0.150233 
0.401497 -0.157853 0.393876 -0.355641 0.401496 -0.348014 
0.572429 -0.157851 0.39387 -0.150233 0.401497 -0.157853 
0.39387 -0.150233 0.572429 -0.157851 0.580045 -0.150235 
0.580045 -0.150235 0.572424 -0.348023 0.580051 -0.355643 
0.572424 -0.348023 0.580045 -0.150235 0.572429 -0.157851 
-0.306082 -0.226511 -0.298457 -0.283307 -0.298455 -0.226516 
-0.570123 -0.205177 -0.582811 -0.228288 -0.570115 -0.22829 
-0.582811 -0.228288 -0.570123 -0.205177 -0.582819 -0.205175 
-0.570119 -0.284038 -0.582823 -0.307157 -0.570111 -0.307151 
-0.582823 -0.307157 -0.570119 -0.284038 -0.582816 -0.284036 
0.401497 -0.157853 0.572424 -0.348023 0.572429 -0.157851 
0.572424 -0.348023 0.401497 -0.157853 0.401496 -0.348014 
-0.562493 -0.157853 -0.529225 -0.234052 -0.529223 -0.157859 
-0.529225 -0.234052 -0.562493 -0.157853 -0.562494 -0.348014 
-0.521608 -0.34802 -0.529225 -0.234052 -0.562494 -0.348014 
-0.443065 -0.34802 -0.529225 -0.234052 -0.521608 -0.34802 
-0.529225 -0.234052 -0.443065 -0.34802 -0.443055 -0.234057 
-0.435825 -0.253463 -0.434548 -0.276391 -0.434557 -0.253463 
-0.434548 -0.276391 -0.435825 -0.253463 -0.435827 -0.276388 
-0.435827 -0.276388 -0.434551 -0.299316 -0.434548 -0.276391 
-0.434551 -0.299316 -0.435827 -0.276388 -0.435818 -0.299317 
-0.041885 -0.263952 0.393877 -0.278075 0.386255 -0.26395 
0.393877 -0.278075 -0.041885 -0.263952 -0.056003 -0.278083 
-0.298454 -0.175637 -0.521604 -0.183017 -0.306079 -0.182879 
-0.521604 -0.183017 -0.298454 -0.175637 -0.521611 -0.175637 
-0.306079 -0.182879 -0.298455 -0.226516 -0.298454 -0.175637 
-0.298455 -0.226516 -0.306079 -0.182879 -0.306082 -0.226511 
0.386251 -0.15786 -0.05601 -0.150242 -0.041886 -0.157851 
-0.05601 -0.150242 0.386251 -0.15786 0.39387 -0.150233 
-0.041885 -0.263952 -0.05601 -0.150242 -0.056003 -0.278083 
-0.05601 -0.150242 -0.041885 -0.263952 -0.041886 -0.157851 
0.39387 -0.150233 0.386255 -0.26395 0.393877 -0.278075 
0.386255 -0.26395 0.39387 -0.150233 0.386251 -0.15786 
-0.041885 -0.263952 0.386251 -0.15786 -0.041886 -0.157851 
0.386251 -0.15786 -0.041885 -0.263952 0.386255 -0.26395 
-0.306074 -0.183013 -0.435438 -0.348025 -0.306071 -0.347887 
-0.435438 -0.348025 -0.306074 -0.183013 -0.435439 -0.226442 
-0.521604 -0.183017 -0.435439 -0.226442 -0.306074 -0.183013 
-0.435439 -0.226442 -0.521604 -0.183017 -0.52161 -0.226437 
-0.306073 -0.142613 -0.440203 -0.168021 -0.306069 -0.168021 
-0.306073 -0.142613 -0.44021 0.142617 -0.440203 -0.168021 
-0.306073 -0.142613 0.44021 -0.142617 -0.44021 0.142617 
-0.44021 0.142617 0.44021 -0.142617 0.440207 0.142613 
-0.29845 -0.150244 -0.306069 -0.168021 -0.298454 -0.175637 
-0.306069 -0.168021 -0.29845 -0.150244 -0.306073 -0.142613 
-0.454708 -0.175636 -0.44021 0.142617 -0.454698 0.156733 
-0.44021 0.142617 -0.454708 -0.175636 -0.440203 -0.168021 
-0.44021 0.142617 0.454325 0.156744 -0.454698 0.156733 
0.454325 0.156744 -0.44021 0.142617 0.440207 0.142613 
0.440207 0.142613 0.45433 -0.150238 0.454325 0.156744 
0.45433 -0.150238 0.440207 0.142613 0.44021 -0.142617 
-0.440203 -0.168021 -0.298454 -0.175637 -0.306069 -0.168021 
-0.440203 -0.168021 -0.447662 -0.17564 -0.298454 -0.175637 
-0.440203 -0.168021 -0.454708 -0.175636 -0.447662 -0.17564 
-0.306073 -0.142613 0.45433 -0.150238 0.44021 -0.142617 
-0.306073 -0.142613 0.45433 -0.150238 
-0.306073 -0.142613 0.447825 -0.150232 
-0.306073 -0.142613 -0.29845 -0.150244 -0.049501 -0.150235 
-0.298459 -0.313557 -0.290831 -0.150233 -0.29845 -0.150244 
-0.290831 -0.150233 -0.298459 -0.313557 -0.290828 -0.31355 
-0.298453 -0.349221 -0.290828 -0.31355 -0.298459 -0.313557 
-0.290828 -0.31355 -0.298453 -0.349221 -0.290833 -0.341594 
0.393866 -0.271577 0.386253 -0.341595 0.393868 -0.34921 
0.386253 -0.341595 0.393866 -0.271577 0.386251 -0.271577 
0.414578 -0.142619 0.541215 -0.150238 0.533588 -0.142618 
0.541215 -0.150238 0.414578 -0.142619 0.414578 -0.150234 
-0.540961 0.02884 -0.548585 -0.150245 -0.540965 -0.142618 
-0.548585 -0.150245 -0.540961 0.02884 -0.548588 0.028844 
-0.447662 0.315165 -0.548588 0.322784 -0.540962 0.315164 
-0.548588 0.322784 -0.447662 0.315165 -0.447662 0.32278 
-0.254649 0.315168 -0.447662 0.32278 -0.447662 0.315165 
-0.447662 0.32278 -0.254649 0.315168 -0.254649 0.322784 
-0.087339 0.315156 -0.254649 0.322784 -0.254649 0.315168 
-0.254649 0.322784 -0.087339 0.315156 -0.087334 0.322783 
0.079964 0.31516 -0.087334 0.322783 -0.087339 0.315156 
-0.087334 0.322783 0.079964 0.31516 0.079964 0.322775 
0.247279 0.315159 0.079964 0.322775 0.079964 0.31516 
0.079964 0.322775 0.247279 0.315159 0.247267 0.322779 
-0.521603 -0.150233 -0.447662 -0.17564 -0.447666 -0.150232 
-0.447662 -0.17564 -0.521603 -0.150233 -0.521611 -0.175637 
0.393868 -0.34921 0.21465 -0.341591 0.214645 -0.349218 
0.21465 -0.341591 0.393868 -0.34921 0.386253 -0.341595 
0.214645 -0.349218 0.047347 -0.341594 0.047347 -0.34921 
0.047347 -0.341594 0.214645 -0.349218 0.21465 -0.341591 
0.047347 -0.34921 -0.119968 -0.341594 -0.119968 -0.349209 
-0.119968 -0.341594 0.047347 -0.34921 0.047347 -0.341594 
-0.119968 -0.349209 -0.290833 -0.341594 -0.298453 -0.349221 
-0.290833 -0.341594 -0.119968 -0.349209 -0.119968 -0.341594 
0.533591 0.315164 0.541207 0.322779 0.485365 0.322779 
0.533591 0.315164 0.485365 0.322779 0.414582 0.322778 
0.533591 0.315164 0.414582 0.322778 0.414582 0.315163 
0.247267 0.322779 0.414582 0.315163 0.414582 0.322778 
0.414582 0.315163 0.247267 0.322779 0.247279 0.315159 
-0.521603 -0.150233 -0.447666 -0.142617 -0.540965 -0.142618 
-0.521603 -0.150233 -0.447666 -0.150232 -0.447666 -0.142617 
-0.540961 0.196154 -0.548588 0.028844 -0.540961 0.02884 
-0.548588 0.028844 -0.540961 0.196154 -0.548592 0.196147 
-0.540962 0.315164 -0.548592 0.196147 -0.540961 0.196154 
-0.548592 0.196147 -0.540962 0.315164 -0.548588 0.322784 
0.541207 0.02884 0.533588 -0.142618 0.541215 -0.150238 
0.533588 -0.142618 0.541207 0.02884 0.533592 0.02884 
0.541208 0.196154 0.533592 0.02884 0.541207 0.02884 
0.533592 0.02884 0.541208 0.196154 0.533592 0.196154 
0.533592 0.196154 0.541208 0.196154 0.541219 0.266933 
0.533592 0.196154 0.541219 0.266933 0.541207 0.322779 
0.533592 0.196154 0.541207 0.322779 0.533591 0.315164 
0.386253 -0.341595 0.386251 -0.271577 0.21465 -0.341591 
-0.049505 -0.271579 0.21465 -0.341591 0.386251 -0.271577 
0.21465 -0.341591 -0.049505 -0.271579 0.047347 -0.341594 
0.047347 -0.341594 -0.049505 -0.271579 -0.119968 -0.341594 
-0.119968 -0.341594 -0.290828 -0.31355 -0.290833 -0.341594 
-0.290828 -0.31355 -0.119968 -0.341594 -0.049505 -0.271579 
-0.049505 -0.271579 -0.290831 -0.150233 -0.290828 -0.31355 
-0.049505 -0.271579 -0.049501 -0.150235 -0.290831 -0.150233 
0.533588 -0.142618 0.414582 0.028839 0.414578 -0.142619 
0.414582 0.028839 0.533588 -0.142618 0.533592 0.02884 
0.533592 0.02884 0.414583 0.196153 0.414582 0.028839 
0.414583 0.196153 0.533592 0.02884 0.533592 0.196154 
0.414583 0.196153 0.247272 0.028851 0.414582 0.028839 
0.414582 0.315163 0.533592 0.196154 0.533591 0.315164 
0.533592 0.196154 0.414582 0.315163 0.414583 0.196153 
0.247272 0.028851 0.414583 0.196153 0.24728 0.19615 
0.414582 0.315163 0.24728 0.19615 0.414583 0.196153 
0.24728 0.19615 0.079969 0.028847 0.247272 0.028851 
0.24728 0.19615 0.414582 0.315163 0.247279 0.315159 
0.079969 0.028847 0.24728 0.19615 0.079965 0.19615 
0.247279 0.315159 0.079965 0.19615 0.24728 0.19615 
0.079965 0.19615 -0.087334 0.028844 0.079969 0.028847 
0.079965 0.19615 0.247279 0.315159 0.079964 0.31516 
-0.087334 0.028844 0.079965 0.19615 -0.087338 0.196147 
0.079964 0.31516 -0.087338 0.196147 0.079965 0.19615 
-0.087338 0.196147 -0.254649 0.028844 -0.087334 0.028844 
-0.087338 0.196147 0.079964 0.31516 -0.087339 0.315156 
-0.254649 0.028844 -0.087338 0.196147 -0.254648 0.196159 
-0.087339 0.315156 -0.254648 0.196159 -0.087338 0.196147 
-0.254648 0.196159 -0.087339 0.315156 -0.254649 0.315168 
-0.254648 0.196159 -0.447662 0.028841 -0.254649 0.028844 
-0.254649 0.315168 -0.447399 0.196152 -0.254648 0.196159 
-0.447662 0.028841 -0.254648 0.196159 -0.447399 0.196152 
-0.447399 0.196152 -0.254649 0.315168 -0.447662 0.315165 
-0.447662 0.028841 -0.540965 -0.142618 -0.447666 -0.142617 
-0.540965 -0.142618 -0.447662 0.028841 -0.540961 0.02884 
-0.447399 0.196152 -0.540961 0.02884 -0.447662 0.028841 
-0.540961 0.02884 -0.447399 0.196152 -0.540961 0.196154 
-0.447662 0.315165 -0.540961 0.196154 -0.447399 0.196152 
-0.540961 0.196154 -0.447662 0.315165 -0.540962 0.315164 
0.57062 0.11625 0.570629 0.276989 0.494934 0.276982 
0.57062 0.11625 0.494934 0.276982 0.490598 0.272647 
0.57062 0.11625 0.490598 0.272647 0.490595 0.120591 
0.57062 0.11625 0.490595 0.120591 0.490597 0.116247 
-0.577999 0.116257 -0.497977 0.11626 -0.497972 0.120588 
-0.577999 0.116257 -0.497972 0.120588 -0.497969 0.272644 
-0.577999 0.116257 -0.497969 0.272644 -0.502304 0.27698 
-0.577999 0.116257 -0.502304 0.27698 -0.578006 0.276989 
0.494934 0.276982 0.494939 0.350244 0.334196 0.350241 
0.338542 0.272651 0.494934 0.276982 0.334196 0.350241 
-0.345908 0.272652 -0.341584 0.350241 -0.502304 0.27698 
-0.345908 0.272652 -0.341581 0.272648 -0.341584 0.350241 
-0.502304 0.27698 -0.341584 0.350241 -0.502311 0.350246 
-0.521605 0.125679 -0.582819 -0.205175 -0.570123 -0.205177 
-0.521605 0.125679 -0.582811 -0.228288 -0.582819 -0.205175 
-0.521605 0.125679 -0.570114 -0.228251 -0.582811 -0.228288 
-0.521605 0.125679 -0.570108 -0.284042 -0.570114 -0.228251 
-0.521605 0.125679 -0.582816 -0.284036 -0.570108 -0.284042 
-0.521605 0.125679 -0.582823 -0.307157